50* 133333. 33333331333333333331.1510. nvn. 3333313331331333. 1521.

5111313 1333133331, 331133313333311133333113. I, nur 33331133 1113313333 133 um

· 313133 1131133. 1133113131 333 133 11111131 13311113313333 fehlt: 13133 1113113 33133331
133 3113333113 1331311331 3131313331 113 113313133331 33 3333131133333 33133 111
11333311113111131133311113.1.1113131113.1133333511113131133133131
3331 11333 &att 133 111111111101111 133 33311313111333 131333333131331113111333“
131131 113111133 313311331 HVT.

4.
11113313, Η311. opp. ΙΙΙ. p. 310. 317...111). ’ 0

11131113131311831331. v. 1131331333 11311 33111 131Β333131133111111131111. p. 1⁶2.
¹not. I. 33331 1133331311, 11311. Opp. Ι. 113. XIIII p. 2¹28.

1133 133113133131333333 1. 1131111111. xxvnl.

mauu-n

(3311311131113. XXVII. 1121.
-W- y ¹. mm..

13133131 11311133 1 1333313111333313333. 1 1313133 11111 1 13133131

333133. 1 mutim& 3333113 1 11131113 3333131333. 1313131133331331
† 1 ι11131 3133313131, 313313112”1313131113, 13311 113133 3311 313333 111311 13 133
113133, 3333311133 1111111313 33111 3133 33131 3311 133113313311311313 qui
133113311333333,33313133131131. superbis. Ι, 113 ben obertu 13111 11 3111 Qun:
333313111111333 331331331133313113, 11331 331 11331131 113 1333133133 3131 IIII:
1333 3311133333 1333113133, 13 133 33313333 13133 113 131133 331333 331 133
13113311113333 311 33313333331331133133111113333, 13133 1331311130333· sccu-
31311 3313333133311313 13 313331 11133 1” 1331133 331 1313131113 13133 131313 ¹
3133 131133 13 3333333 11333, 13311133 Martinus 13313333, 13333131 1133333333
3333113111331331133· mem: 331111 3133313 11111133, 13311133 11313133 ab Hauon„
1331111133 Ρ3333333331333 est 3333131333, 3333333333131 est. 1 ⁸)
3113133333 (101111.) 4⁰. 113313313...3 (1331333111). 1113131133 bez 111313
3331 133 133133 11131133 1333.
Δ 1 .. ι1331333333 333 3131133-
amc. 33331331111331331313331(13331. 311313 orben 313 Ε13331133313,313333 133-
11333 33333 3333 31331, 133 jar 33311 1131131 331333 11111111. 333 33331333133131133.
31111. 3 4·; 111333131331133 3331313333 1313113 1 11313 3331133313. Ι (I 913 333-
1311111333 1331331333, 33. &Infit ff· 13) 1333 333333. 1313113 333 11333333.
Mb: 13311111 133 3311133131 3331 33133331 3311333 41133333 13 1313113333
13311131 1313131 3333 5333333. 1 ·
1.. ,ις’ 133 3311 §thet
3·...141;133 33313133
n.. .·;1 113 11131133333131111311, 13333 13313131 33 1113133133 1311331313 813331
311333 333. 3111 333 333 13333333 313133 33313 333111 3311333. 1113333313 gii.

*-

’1 13. 3333313113111 313 ι1131331131 31333 3333 33331111331131331331333 113 113,
13331333 31111131331131331111311313, 113 13331113, 1131133113 1313 31133333,

. 113 DIangi novi 3. 3. 33. 13133 ,333311 131 13331 611311 13 (1113113333η er:
13113333. 3313133133 333 113331313133333 33 331133, 1313 1333 3531311133 3313311
131 1113313131 1311113333 311113333311331.

 

