452 CCXVII. 4. 4444444444 444444444444 444 4444444444444444444. 4444.

44444 444444 44 444 ein 4444444444.
44 [a 4444 44 jn 4444444444 444.
Ded> 444 444 44444 444 444 4444
(4444 4444, 444 4444, 444 4444444 444 4444) ¹
444 444 4444444 444444 4444444 444,
44 444 [44444444 444 44444444 [tin.
jd> 44444 444 44444 4444 444 4444,
444 mid> 44444 (tilia) 444444 444,
444 44444444 44 44444 44444444.
44 4444444444 44 44444 4444 444 4444444,
444 44444 444444, 4444 44 444.
444444 444 44444444 444444 44 444.
nunu 4444 444 444444 [44444 4444,
44 444 444444 [4444 444 444444 444
444 44444444 444, 44 4444 44 44444,
’ 444 4444 444 4444444 44444 444 444.
444 44444444 4444444 4444444, 444 4444
44 4444 4444444444, 444 444 44444 44444.
acin 44444 44444 444 444 44444,
444444 44) 444 4444444444 444 444444
444 4444 4444444 44 4444444 444,
44 444 444444 444 4444 444 44444 4444,
Dur 4444 4444 444444 44444444 [adj.
444 44444 4444 4444 4444444 444,
44 4444 444 4444 444 4444444444,
44 nnn 444 444 44444 4444444444 4444,Ι
44 id) 4444444 44 4444, 444 4444444,
4444 4444444 44 444 4444444 [444444.
444 44444444 44444444 4444444 444444
es 4444 mit, 444 44444 444 444 4444444,
44444 4444 4444, 444 44444444 444444.

’ t? ³ss 4444 4444444.

,444 gutna. mr. 444 4444444.

(1414141444 444 ganzes 444444.) (8414144444 444 4444444· figur.)
44444444 444 444 id), · 41444 44444444 id, 4444,
14444 444 4444 44 mid). 44444444 4444 444444,
4444 444 mir 444 444, ts 44444, 4444 4444,
444 444 44444 444444. 4444 44444 4444 44444444.
44444 Libertas.

---..-...

⁵³ 444444 2. ¹³³ 44444 4.

 

