· 98¹ ΧΧΧ.11111111.11111111111111111111111.111111111111111111111111.

1111111, 1111 1111111 11111111 11 11111 11111111 11111 111111 ’111 3111 1111111111, 11111 3111
ι11111. 11111111111111111111 1111 111111 &tumim 11111111 111111, 1111 111111 111111 1111
1111111111 1111 3111111111. 111111 1111111111 Ι 11111 3111111 11111,1111111 1111111111
11111111 1111111111 1111111111 11111111, 1111111 1111111111 3111 111 111Ι11111111111111111
111111 111111 11111111, 11 1111 111111 1111111111, 111111 111 1111 9111111111111111111 1111181111 1
111Ι111111111111, 3111111111 11111 11111 1111111 3111 11111. 11111111 111111 1111111 111111111-

. 111, 111 11111111 1111Ι 1111 1111 11111111, 111111111 111111111111111111111111 7111111-
1111 111 31111111 111 1111111111 111111 1111111111111111111111 1111111111, 1111111 11111 1111
9111111 11118. 111111 111111111111,1111 111111 1111111 11111111 11111 1111111111, 11111 1111
ε11111111111 Ι 11 11111111 1111111 51111111 1111111111 1111 11111 111111 11111111 Ι 111111. 11111111
1111111 111111 1111111 11131111 1111111 1111111, 1111 111118. 1, 111. 111111 1111111111 1111
blut 1111111111, 1111111111 1111111 111111 1111111111 11111 11111 11 Ι 11111 11111111. 3111 11111.
ῠπε 11111111111111111181111111111Ι111 11111 11111111111111 jum 111111 1111 1111 1111111
11111 Ι 11111 11 1111111111. 11111111 1111111111 1111 11111111 111 111 1911111111 1111111 11111-
111, 1111111 11111111 11111 1111 1111111111, 1111111 1111 111111) 1111 111 11111111 11111111 1111- 11
1111111111 31111111 1111 11111111, 11111 1111111 1111 1111111111 ΙΙ 11 11111111 111 11111
ὓ111111111111111111111111111,Ι111 1111311111 mit 1111111 11111111 11111 1111111 1111111
11111111. 11111111 1111111 1111111111, 11111 111 1111 Ι 91111111 ,11111111 11111111 1111111111
11111111, 3111111111 Ι 111 1111111111 111 11111111, 11111111111111 1111111 111111 Ι 11111 1111111111,
1111111 1111 11111 1111 11111 111111 111 1111111111 9111111111111111 11111111, 111 111 11111111
11111111 Ι 11111111. 11111111 11131111111111111111, 111111111111111111111 1111111, 111111
111 111111111111 1111111111111 1111111111. 111 11191111111111119111111 11111111
11111. 1111111 1111 11111111 1111111 1111111111 11111 111111 1118111111111119111111 (zum
9.1111111111)111111111111111111. 11111111 1111 111111 ,111111111111111111 1111111111,
11113111 1113111111111111, Ι 1111111111 j. 5. Θ. «1111111111 1111111111 1111111111111111111111
1111 3111111111 1111111 1111, 111111311111111111.,11111. 11119. 11111111 111111 1111111111
1111111111 1111 11113111 11111 11191111111111 1111 11111111, Ι 11111111 111 1111111 ,11111-

v 111111111111 1111 1111 11111111. Ι 111 1111111111 1111111 1111111 11111111111131111111111111
111111 111 111111 1111111111, 1111 1111111 11. Ι2111111111111 Ao 1515 1115111111. 11111-
11111111111 Ι 11111 111 1111 1111111111 111111111 11111. 11111 11111111111111, 111 9. 11111110
11111111111111111111 11111. 19111111 1111111 111 31111 11111111 11111111. 111111. 11111111
1111111111 &crim 111111111111,11111111111111111811111111111111. 31111 111 15111111-
111111 11111111 11115111 9. 111111 1113. ,1111111111 1111111111 11111111, Ι111 11 11111
1111111 111111 1111111 11111111 111 3111181111 1111111 11111111 1111 1111111 1111 3111111 11·
111111, Ι 5111111111 11111111111 1111 111111111111. {Mu 111111 1111Ι11119111111 111 ,11111111 ’
15151111111111111111111, 111 ΙΙ 5111 1119111111111118111111 1111 111111111111111111 Ι 11111111
11111111. 11 11111 1111111 11111111 11 1111 1111111111111111 11111911 1111 11111111 1111
’11111111 31111111 Ι 1111111111 111 utun). ,111111 11111 1111 1111119111111111 111 3111111111
1. 11111111 111 1111111 11111 11111 1111111111, 11 111 Ι 9. 111111 1111111111111 11 111 311111
311 111111 1111 11111111 11111111, Ι 11111 1111111111 1111111111, 1111811 11111 1111 11111 51111111 Ι 11
1111111111, 1111 1111 1111111111 1111111111 1111111111, 1111111111111111111111 111111 11111-

1111111111 11111 1111 1111 11111111, 1111 1111111119. 111. 11. 111 31111 1111111111. 1111111
11111111111111111111111111111111111111 111111 11111111 111 111111, 1111 111 911111 111
1111 91111111, 11111 1111 1111111111, 1111 1111111 11111111 1111111111 1111111111 ,1111111-3111.
t· 11111 1111 111 8111111111 111 511111 11111111 11111111 111111111111111111 11111111
1111 9111111, 111111 1111 111 1111111111 8111111 1111111111) 1111111 1111111111, 111111 1111 1111
11111 1111111111, 111 111 1111111111 1111111111111111111111111, 11111111 11111111, 1111111
1111111), 111111 111 111111 111111 11111 1111111111 111111, 11111 111 111111111 w 111111
0111 1111111111 mn. mium 11111 111111 111111 1111111111 11111 .....

 

