num. xxm. 1111 uvmco 11111111. 1119. 43*

11).

1111111111Η1111. opp. ΙΙΙ. p. 227. sq. 1111111111 1111 1111111, p. 242...327 111 1111-
satio 11111 111 111111111111, 11111 1111 61111 111 11111111 11111 11111111 1111111111.

11111111111111111,
a) 1111111111.

mrim 111 11111111 11111 1111111111 nium 1111 ,111 1111111111ΙίΦέ 11111111
1111111111 &miani 1111111,ἱ 1111 wit 111111 111 11111111111111111 1111111ξ 11111111
111, 111 111111,1Ἁ1111111)1ξ 11111 111111111ἕ, 11111111ἑ, 1161111111111111111111111
111116111111111111311111) ui 1111111111ἰ 1111ἱθ11111111111111111 111 1111111ἐ
1111111111 1111111111 11111111 §aaut 1111111111111 1111 11111111111.11)11 3

11111111111111111111111, 11111611111111111111111, 1111111 111111 1111) 1111 11111111111111

111111111111111111,1111111111.1
1111111111111111111111111111111ᾒ 1111111111111111111111111111118.1111111
1111 111 11111111 11111111 111111111111111 111 1111111111111111111111111111111111

11. 2 111111111; van 11111 1111111111 1111 1111111111 111 11111111 1111111 11111111. 11111
’1111111111 11111 11111111 11111111. 61111111 1111 111111111111111 111 1111111 1111111111
omum 1111 11111111 1111111111 111111 1311111111 6111111111 111111 111111ιί1111 Ι 1111
3111111111 11 11111 1111111111 1111111311 11111 311111111111111111111111111111 111111. .’.
11111111, 111111 11111 111111111111111111111 11111111 1111) 1111 1111111.

11111111 111 1111111111 1 11111111 11111 1111111111 1111 venus-me!
Qum) 3 1111 6111111111) 111 1 (11111101 1 111111111111111111. 3

Ul ·
nmmum B⁰³¹³¹¹AV¹¹ 111 111111111111111111171111118-161111111 1 11111 111111
(1111111111. 3 11111 111111111111111111..Ι1111111) 1011111111 munuum, 3 Bremen-
11111 111. 1). 11111 Pract3cum. 3 1111111111, 111 ...1731 3 8⁰. Q 67 ..m ο

111 11111111111 1111 11111 1111111111 1111111161111111 111 161111 1,,11111 1111111111,
optime 11111111 111111111111111111, 11116111111111111111111111111111111111

111· 1111161111111111 1111)) 1111111111111111111111,1111 11111 11 11 ,111 11., 11111111
111 11111111111111.)

⁸33 11 111111 3111111’”1...130...ε111.1111·111.11’11111111111111111111 11111111.
11111111,1111111111111111111,,111111111111111111111111,111 1111 111 Libros clafficos
1111111611111111111111111Ν1111111111111.1111111 ,1111111111111111 11 1111111111,

11111 11 111111 1111111111111111111111111111111111111111111111, 11111111111111-
· 61111111 1111111111

b) 11111111111111.
ξὲῃεῐίὲῂτ 1 1111111111 311111) 3 11911111 1111111 11111111 1111111111 11 111·
1111111111 9111 1111 1111111111. Dant tittnnucmt 1111111111111111111111-
1111111111 111111111111111111. 31111111, 1111 11111 11 1111111111 1111111111 111 111111

11 1111111111 1111111111 ’6111111 1111111111 tt 11111111111)11111111111 3111111 .'
1111111111 9111111111111111111111 111111 1111111 3 11 11111 1111111111. 3 1. 1. 3
Ι11111 111 1111111111111111111111111, 1711111111 111611111111111111 111 11111111.

47' Μ· 11· ¹⁰¹!ae 11111111 4⁰· 11111111 1111 k (1 1111611111. Ξ11111 &mmmmm
11111 (11111111111111111111111111.

 

