58 XXX. 11111111. 111 1111111111 lomna 11. 1. 1111111111111 num v. 11. mmor. 1511.

111 1111111111 111111. 111111 11111 1111111111 11111111, 111 111 111111 1111111111
11111 111111 (111 11111 1111111 1111 111111) 11111 1111111111 1111111111111111111111
111 11111 11111311 1111111 111 111111 1111111111 1111111, 111111 1111 1111111111
111111111111111111τ 1111 11 1111 111111111111111111131111 1111111 1111111 111111111-
1111111111111111111111111111111111111 11111111 11111111 1111 1111 11111 111111 1111 ⁵
1111111111 1111111111 111111 1111111111 11111411 11111111 11111111 11 1111111 111111
11111 1 111111 1111111111 111111 111111ε 1111 1111111111 11111 11111111 1111, 111 111 11111
111111111111 111111, aba 111111 Suus 1111111 111 11111111111111 1111 1111111 111111
111111 1111111111111 11111111 11111111111111 11111111 111 11 111 1111111 11111 111111
1111111111111111111111111 1111111111 11111111 1111111 1111111 1111111 1111 1111 11111
111 1111111 1111111 11111111111111 111 11111 111111 111 111111 11111 1111 11111 111111
111 111111 11111 11111111111111111 1111111 111 11111 1111111 111, 11111 11111 111 11111
11111111 111111 1111111111111 11111 Ι 1111111 11111111 111111 ζ1111 1111111111 111111
111111111111111111111111111. 51111 11 111 11111111 1111111 111111 111 1111 11
11111111111111111111 1111111111 11111 11111 111 Ι 11111511 111111111111111111111111-11
γ1111111 11111 111111111 1111111 111.
31111111 111 11111 1111ὶ1111111111 111 111111 11111111111111111111 111 111111
11111111111111111 1111111 n: 31 11111 1111 111111 111111111111111111111 1111
111 11111111111111111111ε 111111 11111111111111; 111 111111 1111111111 11111111
111 1111 1111111111 111111 11111 5111, erm, 11111, 111111111 1111111111111111111 111-11
1111111 1111111111 111 11111111 1 11111111 11111 1111111 11111111 Ι111; 111 1111 11111511
1111111 1111111111 11111111 11111 1111 111111 1111111111 111111 111 11 111 1111111 1111-
11111511 mium: 111 111 111111 1111111 1111111 11111111 111111111 11111111 111111
11111111111111, 1111111 1111111 1111111111111111111111111 1111 1111 111. ,a 11111
111 1111111 1111111111111111111111 111111111111 1111 11111111 111111111 11111111
111 11111 111111111111 111 11111111, 1111111111 1111111 11111111 11111111 11111 111111-
11111111111111111111 11111111111111111 11 111 11111111 111111 11 111111 11111-
11111111 11111 11111111 11 1111111111 1111 1111111111 1111111111111111111111111 111 11-
1111 1111111, 11· 111111 11111111111111111111111 1111111 11111111 1111111111 111
111 11111111 11111 111111111111111111111111111111111 111111 111 11111 111111111111
· 111 11111111 111111 11111111 1111111 11111111 1111111111 111 1111111111 1111111
1111 11111 1111111 11111111 11111111 1111111111 11111111 111111111111111111-

1111 1111111 sun 1111111 11111111 11111 11111111 11 11111 111111 11111111111111111111
1111111111 1111111111 11111 11111111111111 11111111111 11111, 1111111111 ,
1111111111 111111111 111, Su 1111111 11111111, 11111 1111 1111111 1111111111 11111
11111111 1111111111 1111111111 1111111 11111 1111111 11111 1111111 11111111 111
1111 1111111111111111111 1111; 11111111 111111 111 1111 1111111111 1111111111 1111111

” 1111111 111 1111111 1111111 1111111 111111151111111111111 11111111 111 1111111 11

111111 1111111 111111, 11 1111111 1111 1111 11 111 111 111111 11111111 1111 1111111

1111111111111111111111111111111111111111111 · ⁴0
auum 1111111111 1111111 111111 111111 11111 111111 311 111 111111 1111111

1111111, 1111111 11 11111 1111111111 11111 1111 1111111, -11111 11111111 11111311 1111111

³ 1111111111] 1111111111 2. 3. ⁵ 1111111111 11111112 ⁸ 11111111] 1111111. '
11111113. 1111111 11111] 1111111111 111111 2. 3. In 2. 111111 ducis 1111111111 occidentium
- loco 1111111111 depicta 1111111,111111.1111111111111111111. ,,Η1111111111111 0111ςί11111
111 1111111111 nach obiger Beschreibung beygnffigw‘ 3. 101111111111111111113.
¹³ 11 1111111111. 1711111111111111113. ¹⁸gnadvnnd1rm.3. ¹⁸ 1111111113. ι1111]

113. ²⁸ 1111111113. 1111111111, 1111. 111111 11111112. ’11111111111111

 

