CVIII. 11111111111111. 1111111111. 1. 1111. 1111. 247

1111111111111. CVIII. 1. 1111 1111.

—— una—n—

[52utten 11 6111111111]

β111ί1111β11 1111111 111 1111111111111111111111 11181111111111111111
tt. Cutbtnt vlriss 11 111111 1118111111111111111111, 111111 1111111111 11111
1 111 11111111 11111. ’

1111111111 11111 11111111, 111 11111 11 111111 [1111111 1111 1111111111-

1111, 11111 1111111 1111 11111, 111 11111 [nnn 1111111111111111 1111111-
111, utiquam, 1111111111 111 1111111 11111111 1111111111, 111 111111 111,
111111 111111) Ι111 1111111111) 111 11 11111111 111111 1111111111, 1111111111
1111111. 3111111 11111, 111 111 111111 111] 111) 11111111, 1111111111111 11111-
11111 111 111111 11111 1111111), 1111111111) 11111 1111111 1111111111, 111 11111111
1111111111ῐῲ 1111111111 111111 1111111. Ε1111111 id) 11 (mit 11) 111111 11-

111111) 111) 111111 1111111,111 1111111 1111111111 111, 111 1111111111) 1111111
1111111111 11111 111111 11 1111111 hau& 111111υ1111, 1111111111111) 11111111

11111 1111111 11111 1111111 111, 1111111 11111111, 111 11111 111) 111111 1111111111 “
1111 111111111111111111111111111 11111, 111111111111111 11111111 111 id)
[11111 11111111, 1111 1111111111111111), 1111 1111111 111 1111111111 1111111111 11
1111111111 1111111 1111111111 1111111111, 1111111111 111111, 111) 111111 11111111
1111111111,11[11111ἱ 111 3111111 1111111, mid) 111) 111111 11111111, 111 111)

111111 111 11111 1111111 111 1111111111 11111111. butum 111181111111111111
111 111111 111111 11111311 111 111 (11111111111113.

cvm. A...c = 1111. 111. 11111 a...c.. 1 = Burckhanl. 111. p. 111. sq.
5 = Wagnnneilaeffl. 11111. p. 186. sq. Miinchius omisit.

ι9111111111 1. 411111111. 1111111111114. [111111111111111117.
[11111111111111. 111111. 511115. 61111111115. [1111111111.
[11111115. 1111111111. I. 17 1111110. 711111111.11111111111111115. 111111.
111115. 1111311115. 81111. 111111111111111115. 11111115. 91111111111.
11111115. 1*111 Im. 1111111111111 1115. 11111111111115. 11115. 1’11111-
1111111111111111111111.1111111111. η1111111115. 1111111. 11111115. 111-
1111110. Η1111115. 1111111111111111111111.111111111111111.111
1111111115. 111 1111111115. 11111101511111. 1511111115. 111111.
111115. briam. ’1111111111111 171111111115, 111 1111111111. 15. 1111
ΙΙ. 11’111111 1111111111. 1111111111 15. ιθ1111111111111. 1111111115. 1111
11111115. ιο1131111115. 111111 B. 3111115. 3111111111 B. 15. ²¹ 1111
15. 3111111115.

 

